0.78125 6826
0.859375 7470
0.9375 8114
1.01562 8738
1.09375 9382
1.17188 10022
1.25 10666
1.32812 11306
1.40625 11942
1.48438 12578
1.5625 13226
1.64062 13858
1.71875 14506
1.79688 15142
1.875 15786
1.95312 16422
2.03125 17066
2.10938 17706
2.1875 18342
2.26562 18982
2.34375 19626
2.42188 20258
2.5 20906
2.57812 21542
2.65625 22178
2.73438 22826
2.8125 23466
2.89062 24098
2.96875 24742
3.04688 25382
3.125 26022
3.20312 26658
3.28125 27302
3.35938 27942
3.4375 28582
3.51562 29218
3.59375 29862
3.67188 30502
3.75 31142
3.82812 31818
3.90625 32422
3.98438 33062
4.0625 33702
4.14062 34342
4.21875 34986
4.29688 35626
4.375 36262
4.45312 36902
4.53125 37542
4.60938 38182
4.6875 38822
4.76562 39462
4.84375 40098
4.92188 40746
5 41406
5.07812 42022
5.15625 42658
5.23438 43306
5.3125 43942
5.39062 44590
5.46875 45222
5.54688 45862
5.625 46502
5.70312 47178
5.78125 47778
5.85938 48422
5.9375 49062
6.01562 49706
6.09375 50342
6.17188 50986
6.25 51626
6.32812 52262
6.40625 52906
6.48438 53542
6.5625 54182
6.64062 54822
6.71875 55462
6.79688 56102
6.875 56738
6.95312 57378
7.03125 58022
7.10938 58666
7.1875 59302
7.26562 59938
7.34375 60586
7.42188 61222
7.5 61862
7.57812 62518
7.65625 63142
7.73438 63818
7.8125 64422
7.89062 65062
7.96875 65702
8.04688 66338
8.125 66978
8.20312 67626
8.28125 68274
8.35938 68902
8.4375 69542
8.51562 70222
8.59375 70822
8.67188 71458
8.75 72106
8.82812 72746
8.90625 73382
8.98438 74034
9.0625 74662
9.14062 75342
9.21875 75942
9.29688 76582
9.375 77222
9.45312 77858
9.53125 78502
9.60938 79142
9.6875 79786
9.76562 80426
9.84375 81058
9.92188 81706
10 82346
10.0781 82982
10.1562 83622
10.2344 84262
10.3125 84902
10.3906 85542
10.4688 86178
10.5469 86822
10.625 87462
10.7031 88102
10.7812 88742
10.8594 89378
10.9375 90022
11.0156 90662
11.0938 91302
11.1719 91942
11.25 92578
11.3281 93222
11.4062 93858
11.4844 94502
11.5625 95146
11.6406 95782
11.7188 96418
11.7969 97062
11.875 97702
11.9531 98394
12.0312 98982
12.1094 99622
12.1875 100302
12.2656 100902
12.3438 101542
12.4219 102182
12.5 102818
12.5781 103466
12.6562 104098
12.7344 104742
12.8125 105378
12.8906 106018
12.9688 106658
13.0469 107302
13.125 107946
13.2031 108582
13.2812 109222
13.3594 109862
13.4375 110502
13.5156 111186
13.5938 111778
13.6719 112422
13.75 113066
13.8281 113754
13.9062 114346
13.9844 114978
14.0625 115622
14.1406 116258
14.2188 116902
14.2969 117566
14.375 118186
14.4531 118822
14.5312 119486
14.6094 120106
14.6875 120746
14.7656 121390
14.8438 122018
14.9219 122662
15 123306
15.0781 123962
15.1562 124582
15.2344 125226
15.3125 125858
15.3906 126502
15.4688 127146
15.5469 127786
15.625 128426
15.7031 129062
15.7812 129706
15.8594 130354
15.9375 130978
16.0156 131618
16.0938 132262
16.1719 132902
16.25 133542
16.3281 134182
16.4062 134858
16.4844 135466
16.5625 136102
16.6406 136742
16.7188 137382
16.7969 138022
16.875 138658
16.9531 139302
17.0312 139942
17.1094 140582
17.1875 141226
17.2656 141858
17.3438 142502
17.4219 143142
17.5 143782
17.5781 144422
17.6562 145058
17.7344 145702
17.8125 146346
17.8906 147002
17.9688 147618
18.0469 148262
18.125 148898
18.2031 149542
18.2812 150182
18.3594 150838
18.4375 151462
18.5156 152102
18.5938 152746
18.6719 153374
18.75 154022
18.8281 154662
18.9062 155298
18.9844 155970
19.0625 156578
19.1406 157222
19.2188 157862
19.2969 158506
19.375 159158
19.4531 159786
19.5312 160426
19.6094 161058
19.6875 161702
19.7656 162338
19.8438 162982
19.9219 163622
20 164258
20.0781 164902
20.1562 165546
20.2344 166182
20.3125 166866
20.3906 167466
20.4688 168098
20.5469 168742
20.625 169382
20.7031 170022
20.7812 170662
20.8594 171302
20.9375 171942
21.0156 172582
21.0938 173222
21.1719 173858
21.25 174506
21.3281 175142
21.4062 175778
21.4844 176422
21.5625 177082
21.6406 177702
21.7188 178342
21.7969 178994
21.875 179626
21.9531 180258
22.0312 180902
22.1094 181538
22.1875 182182
22.2656 182818
22.3438 183462
22.4219 184130
22.5 184750
22.5781 185378
22.6562 186022
22.7344 186658
22.8125 187298
22.8906 187946
22.9688 188578
23.0469 189226
23.125 189862
23.2031 190502
23.2812 191146
23.3594 191782
23.4375 192422
23.5156 193058
23.5938 193698
23.6719 194346
23.75 194978
23.8281 195622
23.9062 196258
23.9844 196898
24.0625 197538
24.1406 198178
24.2188 198822
24.2969 199458
24.375 200102
24.4531 200742
24.5312 201394
24.6094 202022
24.6875 202662
24.7656 203306
24.8438 203938
24.9219 204582
25 205274
25.0781 205866
25.1562 206506
25.2344 207142
25.3125 207782
25.3906 208426
25.4688 209062
25.5469 209702
25.625 210338
25.7031 210982
25.7812 211646
25.8594 212262
25.9375 212902
26.0156 213542
26.0938 214186
26.1719 214826
26.25 215506
26.3281 216102
26.4062 216738
26.4844 217382
26.5625 218022
26.6406 218662
26.7188 219302
26.7969 219942
26.875 220582
26.9531 221222
27.0312 221862
27.1094 222498
27.1875 223142
27.2656 223782
27.3438 224446
27.4219 225062
27.5 225706
27.5781 226342
27.6562 226978
27.7344 227622
27.8125 228258
27.8906 228902
27.9688 229542
28.0469 230182
28.125 230818
28.2031 231466
28.2812 232102
28.3594 232742
28.4375 233382
28.5156 234022
28.5938 234658
28.6719 235306
28.75 235938
28.8281 236578
28.9062 237218
28.9844 237862
29.0625 238498
29.1406 239142
29.2188 239782
29.2969 240458
29.375 241066
29.4531 241702
29.5312 242346
29.6094 242982
29.6875 243618
29.7656 244262
29.8438 244902
29.9219 245546
30 246186
30.0781 246822
30.1562 247462
30.2344 248130
30.3125 248738
30.3906 249382
30.4688 250022
30.5469 250662
30.625 251298
30.7031 251946
30.7812 252578
30.8594 253222
30.9375 253862
31.0156 254498
31.0938 255146
31.1719 255778
31.25 256418
31.3281 257058
31.4062 257698
31.4844 258346
31.5625 258982
31.6406 259626
31.7188 260258
31.7969 260902
31.875 261538
31.9531 262178
32.0312 262822
32.1094 263462
32.1875 264102
32.2656 264742
32.3438 265382
32.4219 266026
32.5 266662
32.5781 267298
32.6562 267942
32.7344 268582
32.8125 269222
32.8906 269862
32.9688 270506
33.0469 271142
33.125 271782
33.2031 272422
33.2812 273058
33.3594 273702
33.4375 274390
33.5156 274982
33.5938 275626
33.6719 276258
33.75 276906
33.8281 277566
33.9062 278182
33.9844 278822
34.0625 279466
34.1406 280098
34.2188 280742
34.2969 281386
34.375 282022
34.4531 282662
34.5312 283298
34.6094 283942
34.6875 284578
34.7656 285222
34.8438 285862
34.9219 286534
35 287146
35.0781 287778
35.1562 288422
35.2344 289062
35.3125 289706
35.3906 290374
35.4688 290986
35.5469 291618
35.625 292266
35.7031 292898
35.7812 293538
35.8594 294226
35.9375 294826
36.0156 295462
36.0938 296098
36.1719 296742
36.25 297382
36.3281 298026
36.4062 298658
36.4844 299302
36.5625 299942
36.6406 300618
36.7188 301222
36.7969 301862
36.875 302502
36.9531 303142
37.0312 303782
37.1094 304418
37.1875 305058
37.2656 305702
37.3438 306346
37.4219 306986
37.5 307626
37.5781 308258
37.6562 308922
37.7344 309542
37.8125 310182
37.8906 310818
37.9688 311458
38.0469 312098
38.125 312742
38.2031 313386
38.2812 314026
38.3594 314662
38.4375 315302
38.5156 315938
38.5938 316578
38.6719 317222
38.75 317866
38.8281 318498
38.9062 319142
38.9844 319786
39.0625 320426
39.1406 321098
39.2188 321698
39.2969 322342
39.375 322982
39.4531 323622
39.5312 324262
39.6094 324906
39.6875 325542
39.7656 326178
39.8438 326818
39.9219 327466
40 328102
40.0781 328742
40.1562 329386
40.2344 330022
40.3125 330662
40.3906 331298
40.4688 331938
40.5469 332582
40.625 333218
40.7031 333862
40.7812 334546
40.8594 335146
40.9375 335782
41.0156 336426
41.0938 337062
41.1719 337702
41.25 338338
41.3281 338986
41.4062 339622
41.4844 340266
41.5625 340902
41.6406 341546
41.7188 342182
41.7969 342838
41.875 343462
41.9531 344102
42.0312 344742
42.1094 345378
42.1875 346018
42.2656 346662
42.3438 347298
42.4219 347942
42.5 348586
42.5781 349222
42.6562 349862
42.7344 350502
42.8125 351142
42.8906 351778
42.9688 352418
43.0469 353058
43.125 353698
43.2031 354346
43.2812 354982
43.3594 355622
43.4375 356262
43.5156 356898
43.5938 357542
43.6719 358186
43.75 358826
43.8281 359462
43.9062 360098
43.9844 360746
44.0625 361386
44.1406 362026
44.2188 362654
44.2969 363306
44.375 363942
44.4531 364578
44.5312 365222
44.6094 365858
44.6875 366498
44.7656 367138
44.8438 367778
44.9219 368422
45 369062
45.0781 369702
45.1562 370338
45.2344 370978
45.3125 371618
45.3906 372258
45.4688 372906
45.5469 373554
45.625 374178
45.7031 374822
45.7812 375458
45.8594 376102
45.9375 376738
46.0156 377382
46.0938 378022
46.1719 378690
46.25 379346
46.3281 379938
46.4062 380582
46.4844 381222
46.5625 381862
46.6406 382498
46.7188 383142
46.7969 383786
46.875 384422
46.9531 385058
47.0312 385702
47.1094 386354
47.1875 386978
47.2656 387622
47.3438 388266
47.4219 388902
47.5 389542
47.5781 390182
47.6562 390822
47.7344 391462
47.8125 392102
47.8906 392742
47.9688 393378
48.0469 394026
48.125 394658
48.2031 395298
48.2812 395942
48.3594 396582
48.4375 397222
48.5156 397862
48.5938 398502
48.6719 399142
48.75 399786
48.8281 400418
48.9062 401062
48.9844 401702
49.0625 402338
49.1406 402982
49.2188 403626
49.2969 404266
49.375 404906
49.4531 405546
49.5312 406182
49.6094 406822
49.6875 407462
49.7656 408102
49.8438 408738
49.9219 409382
50 410022
50.0781 410662
50.1562 411298
50.2344 411938
50.3125 412582
50.3906 413218
50.4688 413862
50.5469 414514
50.625 415174
50.7031 415778
50.7812 416422
50.8594 417058
50.9375 417706
51.0156 418342
51.0938 418982
51.1719 419618
51.25 420258
51.3281 420902
51.4062 421542
51.4844 422182
51.5625 422822
51.6406 423462
51.7188 424102
51.7969 424750
51.875 425382
51.9531 426014
52.0312 426662
52.1094 427298
52.1875 427942
52.2656 428610
52.3438 429226
52.4219 429874
52.5 430502
52.5781 431138
52.6562 431786
52.7344 432422
52.8125 433054
52.8906 433702
52.9688 434342
53.0469 434978
53.125 435622
53.2031 436262
53.2812 436906
53.3594 437542
53.4375 438178
53.5156 438822
53.5938 439462
53.6719 440098
53.75 440742
53.8281 441382
53.9062 442022
53.9844 442658
54.0625 443302
54.1406 443942
54.2188 444586
54.2969 445222
54.375 445858
54.4531 446526
54.5312 447146
54.6094 447782
54.6875 448422
54.7656 449058
54.8438 449702
54.9219 450338
55 450982
55.0781 451626
55.1562 452258
55.2344 452902
55.3125 453534
55.3906 454182
55.4688 454826
55.5469 455458
55.625 456098
55.7031 456746
55.7812 457386
55.8594 458026
55.9375 458662
56.0156 459306
56.0938 459942
56.1719 460586
56.25 461222
56.3281 461890
56.4062 462498
56.4844 463142
56.5625 463778
56.6406 464418
56.7188 465066
56.7969 465706
56.875 466342
56.9531 466982
57.0312 467618
57.1094 468262
57.1875 468898
57.2656 469538
57.3438 470182
57.4219 470826
57.5 471462
57.5781 472106
57.6562 472746
57.7344 473382
57.8125 474022
57.8906 474658
57.9688 475298
58.0469 475950
58.125 476630
58.2031 477218
58.2812 477898
58.3594 478502
58.4375 479146
58.5156 479782
58.5938 480418
58.6719 481058
58.75 481698
58.8281 482338
58.9062 482986
58.9844 483622
59.0625 484258
59.1406 484902
59.2188 485542
59.2969 486206
59.375 486818
59.4531 487466
59.5312 488098
59.6094 488742
59.6875 489378
59.7656 490026
59.8438 490690
59.9219 491302
60 491942
60.0781 492582
60.1562 493226
60.2344 493862
60.3125 494502
60.3906 495146
60.4688 495782
60.5469 496422
60.625 497062
60.7031 497718
60.7812 498342
60.8594 498978
60.9375 499622
61.0156 500258
61.0938 500898
61.1719 501542
61.25 502182
61.3281 502818
61.4062 503458
61.4844 504106
61.5625 504742
61.6406 505382
61.7188 506018
61.7969 506662
61.875 507302
61.9531 507942
62.0312 508582
62.1094 509246
62.1875 509866
62.2656 510502
62.3438 511138
62.4219 511786
62.5 512422
62.5781 513058
62.6562 513702
62.7344 514346
62.8125 514978
62.8906 515622
62.9688 516266
63.0469 516906
63.125 517546
63.2031 518182
63.2812 518818
63.3594 519462
63.4375 520150
63.5156 520742
63.5938 521382
63.6719 522022
63.75 522654
63.8281 523302
63.9062 523942
63.9844 524578
64.0625 525222
64.1406 525878
64.2188 526498
64.2969 527142
64.375 527786
64.4531 528418
64.5312 529054
64.6094 529706
64.6875 530342
64.7656 530982
64.8438 531622
64.9219 532258
65 532922
65.0781 533554
65.1562 534178
65.2344 534870
65.3125 535462
65.3906 536106
65.4688 536738
65.5469 537378
65.625 538018
65.7031 538658
65.7812 539298
65.8594 539942
65.9375 540582
66.0156 541226
66.0938 541862
66.1719 542502
66.25 543146
66.3281 543782
66.4062 544422
66.4844 545114
66.5625 545706
66.6406 546346
66.7188 546982
66.7969 547618
66.875 548262
66.9531 548906
67.0312 549538
67.1094 550182
67.1875 550822
67.2656 551458
67.3438 552102
67.4219 552742
67.5 553386
67.5781 554018
67.6562 554658
67.7344 555302
67.8125 555942
67.8906 556630
67.9688 557222
68.0469 557858
68.125 558498
68.2031 559138
68.2812 559782
68.3594 560418
68.4375 561062
68.5156 561702
68.5938 562342
68.6719 562978
68.75 563622
68.8281 564286
68.9062 564898
68.9844 565538
69.0625 566178
69.1406 566822
69.2188 567462
69.2969 568098
69.375 568742
69.4531 569382
69.5312 570022
69.6094 570662
69.6875 571302
69.7656 571942
69.8438 572578
69.9219 573218
70 573862
70.0781 574502
70.1562 575142
70.2344 575786
70.3125 576422
70.3906 577062
70.4688 577702
70.5469 578342
70.625 578978
70.7031 579622
70.7812 580334
70.8594 580902
70.9375 581538
71.0156 582186
71.0938 582874
71.1719 583458
71.25 584098
71.3281 584742
71.4062 585382
71.4844 586026
71.5625 586658
71.6406 587306
71.7188 587942
71.7969 588586
71.875 589226
71.9531 589862
72.0312 590506
72.1094 591142
72.1875 591834
72.2656 592422
72.3438 593062
72.4219 593706
72.5 594346
72.5781 594982
72.6562 595626
72.7344 596258
72.8125 596906
72.8906 597554
72.9688 598178
73.0469 598858
73.125 599454
73.2031 600098
73.2812 600746
73.3594 601382
73.4375 602018
73.5156 602662
73.5938 603306
73.6719 603942
73.75 604582
73.8281 605222
73.9062 605862
73.9844 606498
74.0625 607146
74.1406 607782
74.2188 608422
74.2969 609058
74.375 609702
74.4531 610342
74.5312 610978
74.6094 611646
74.6875 612262
74.7656 612898
74.8438 613538
74.9219 614178
75 614826
75.0781 615462
75.1562 616098
75.2344 616738
75.3125 617382
75.3906 618022
75.4688 618658
75.5469 619298
75.625 619966
75.7031 620578
75.7812 621226
75.8594 621866
75.9375 622502
76.0156 623142
76.0938 623778
76.1719 624418
76.25 625062
76.3281 625706
76.4062 626342
76.4844 626982
76.5625 627622
76.6406 628258
76.7188 628906
76.7969 629542
76.875 630218
76.9531 630818
77.0312 631466
77.1094 632094
77.1875 632774
77.2656 633382
77.3438 634018
77.4219 634658
77.5 635306
77.5781 635946
77.6562 636582
77.7344 637222
77.8125 637862
77.8906 638502
77.9688 639166
78.0469 639782
78.125 640470
78.2031 641062
78.2812 641702
78.3594 642342
78.4375 643018
78.5156 643618
78.5938 644262
78.6719 644902
78.75 645542
78.8281 646182
78.9062 646818
78.9844 647494
79.0625 648102
79.1406 648782
79.2188 649386
79.2969 650022
79.375 650658
79.4531 651314
79.5312 651938
79.6094 652586
79.6875 653218
79.7656 653858
79.8438 654502
79.9219 655142
80 655798
80.0781 656474
80.1562 657078
80.2344 657702
80.3125 658342
80.3906 658982
80.4688 659642
80.5469 660266
80.625 660902
80.7031 661542
80.7812 662182
80.8594 662822
80.9375 663462
81.0156 664102
81.0938 664746
81.1719 665378
81.25 666022
81.3281 666662
81.4062 667350
81.4844 667942
81.5625 668582
81.6406 669222
81.7188 669866
81.7969 670498
81.875 671134
81.9531 671778
82.0312 672418
82.1094 673062
82.1875 673698
82.2656 674342
82.3438 674978
82.4219 675622
82.5 676274
82.5781 676898
82.6562 677546
82.7344 678178
82.8125 678818
82.8906 679458
82.9688 680102
83.0469 680798
83.125 681382
83.2031 682026
83.2812 682662
83.3594 683350
83.4375 683950
83.5156 684578
83.5938 685270
83.6719 685858
83.75 686506
83.8281 687142
83.9062 687782
83.9844 688422
84.0625 689062
84.1406 689702
84.2188 690370
84.2969 690982
84.375 691622
84.4531 692262
84.5312 692906
84.6094 693542
84.6875 694182
84.7656 694818
84.8438 695466
84.9219 696098
85 696790
85.0781 697382
85.1562 698022
85.2344 698662
85.3125 699306
85.3906 699946
85.4688 700582
85.5469 701222
85.625 701858
85.7031 702502
85.7812 703146
85.8594 703786
85.9375 704422
86.0156 705062
86.0938 705710
86.1719 706338
86.25 706978
86.3281 707622
86.4062 708262
86.4844 708938
86.5625 709538
86.6406 710182
86.7188 710830
86.7969 711466
86.875 712098
86.9531 712746
87.0312 713382
87.1094 714022
87.1875 714662
87.2656 715306
87.3438 715938
87.4219 716578
87.5 717222
87.5781 717878
87.6562 718498
87.7344 719142
87.8125 719794
87.8906 720422
87.9688 721074
88.0469 721730
88.125 722342
88.2031 722998
88.2812 723622
88.3594 724258
88.4375 724898
88.5156 725542
88.5938 726178
88.6719 726822
88.75 727466
88.8281 728098
88.9062 728742
88.9844 729382
89.0625 730022
89.1406 730658
89.2188 731298
89.2969 731946
89.375 732578
89.4531 733226
89.5312 733858
89.6094 734506
89.6875 735146
89.7656 735782
89.8438 736434
89.9219 737062
90 737702
90.0781 738342
90.1562 738986
90.2344 739626
90.3125 740314
90.3906 740902
90.4688 741542
90.5469 742178
90.625 742822
90.7031 743458
90.7812 744106
90.8594 744746
90.9375 745386
91.0156 746018
91.0938 746662
91.1719 747302
91.25 747942
91.3281 748582
91.4062 749222
91.4844 749862
91.5625 750502
91.6406 751138
91.7188 751782
91.7969 752422
91.875 753066
91.9531 753718
92.0312 754354
92.1094 754982
92.1875 755622
92.2656 756262
92.3438 756906
92.4219 757546
92.5 758178
92.5781 758874
92.6562 759526
92.7344 760102
92.8125 760746
92.8906 761410
92.9688 762050
93.0469 762658
93.125 763350
93.2031 763946
93.2812 764582
93.3594 765226
93.4375 765862
93.5156 766550
93.5938 767142
93.6719 767782
93.75 768422
93.8281 769066
93.9062 769702
93.9844 770390
94.0625 770986
94.1406 771626
94.2188 772262
94.2969 772902
94.375 773542
94.4531 774178
94.5312 774866
94.6094 775466
94.6875 776102
94.7656 776738
94.8438 777382
94.9219 778018
95 778662
95.0781 779306
95.1562 779946
95.2344 780578
95.3125 781222
95.3906 781862
95.4688 782502
95.5469 783142
95.625 783782
95.7031 784422
95.7812 785058
95.8594 785702
95.9375 786346
96.0156 786978
96.0938 787618
96.1719 788266
96.25 788898
96.3281 789542
96.4062 790182
96.4844 790822
96.5625 791462
96.6406 792098
96.7188 792742
96.7969 793410
96.875 794022
96.9531 794666
97.0312 795302
97.1094 795942
97.1875 796582
97.2656 797226
97.3438 797858
97.4219 798502
97.5 799190
97.5781 799778
97.6562 800474
97.7344 801062
97.8125 801698
97.8906 802362
97.9688 802982
98.0469 803622
98.125 804262
98.2031 804902
98.2812 805542
98.3594 806182
98.4375 806822
98.5156 807510
98.5938 808102
98.6719 808738
98.75 809378
98.8281 810070
98.9062 810662
98.9844 811302
99.0625 811946
99.1406 812634
99.2188 813222
99.2969 813858
99.375 814506
99.4531 815138
99.5312 815778
99.6094 816422
99.6875 817114
99.7656 817718
99.8438 818334
99.9219 818978
100 819626
100.078 820262
100.156 820906
100.234 821594
100.312 822182
100.391 822818
100.469 823462
100.547 824102
100.625 824746
100.703 825386
100.781 826022
100.859 826674
100.938 827306
101.016 827938
101.094 828582
101.172 829226
101.25 829858
101.328 830506
101.406 831170
101.484 831778
101.562 832418
101.641 833062
101.719 833710
101.797 834366
101.875 834982
101.953 835618
102.031 836266
102.109 836902
102.188 837566
102.266 838206
102.344 838818
102.422 839466
102.5 840106
102.578 840742
102.656 841378
102.734 842018
102.812 842658
102.891 843330
102.969 843938
103.047 844586
103.125 845218
103.203 845862
103.281 846498
103.359 847142
103.438 847786
103.516 848418
103.594 849066
103.672 849702
103.75 850374
103.828 850982
103.906 851670
103.984 852262
104.062 852902
104.141 853542
104.219 854178
104.297 854822
104.375 855462
104.453 856114
104.531 856746
104.609 857386
104.688 858022
104.766 858658
104.844 859302
104.922 859938
105 860586
105.078 861218
105.156 861874
105.234 862502
105.312 863138
105.391 863778
105.469 864418
105.547 865062
105.625 865702
105.703 866338
105.781 867014
105.859 867618
105.938 868262
106.016 868902
106.094 869542
106.172 870178
106.25 870822
106.328 871462
106.406 872106
106.484 872742
106.562 873386
106.641 874022
106.719 874666
106.797 875302
106.875 875942
106.953 876586
107.031 877226
107.109 877862
107.188 878506
107.266 879142
107.344 879778
107.422 880422
107.5 881126
107.578 881706
107.656 882346
107.734 882982
107.812 883622
107.891 884266
107.969 884902
108.047 885538
108.125 886178
108.203 886822
108.281 887462
108.359 888102
108.438 888778
108.516 889382
108.594 890046
108.672 890666
108.75 891302
108.828 891942
108.906 892582
108.984 893226
109.062 893862
109.141 894526
109.219 895142
109.297 895786
109.375 896418
109.453 897062
109.531 897706
109.609 898338
109.688 898982
109.766 899634
109.844 900266
109.922 900950
110 901546
110.078 902178
110.156 902822
110.234 903466
110.312 904098
110.391 904746
110.469 905382
110.547 906030
110.625 906666
110.703 907298
110.781 907946
110.859 908578
110.938 909222
111.016 909862
111.094 910502
111.172 911158
111.25 911782
111.328 912422
111.406 913066
111.484 913702
111.562 914342
111.641 914982
111.719 915622
111.797 916262
111.875 916898
111.953 917546
112.031 918182
112.109 918822
112.188 919458
112.266 920150
112.344 920742
112.422 921386
112.5 922018
112.578 922662
112.656 923302
112.734 923938
112.812 924658
112.891 925246
112.969 925866
113.047 926546
113.125 927194
113.203 927778
113.281 928414
113.359 929110
113.438 929742
113.516 930342
113.594 930978
113.672 931626
113.75 932258
113.828 932898
113.906 933542
113.984 934182
114.062 934826
114.141 935462
114.219 936106
114.297 936790
114.375 937378
114.453 938022
114.531 938662
114.609 939302
114.688 939946
114.766 940606
114.844 941218
114.922 941858
115 942502
115.078 943142
115.156 943838
115.234 944426
115.312 945062
115.391 945702
115.469 946342
115.547 946978
115.625 947626
115.703 948258
115.781 948906
115.859 949590
115.938 950182
116.016 950818
116.094 951494
116.172 952110
116.25 952742
116.328 953382
116.406 954026
116.484 954662
116.562 955342
116.641 955942
116.719 956582
116.797 957218
116.875 957862
116.953 958498
117.031 959142
117.109 959782
117.188 960422
117.266 961066
117.344 961702
117.422 962342
117.5 962982
117.578 963618
117.656 964262
117.734 964902
117.812 965546
117.891 966182
117.969 966818
118.047 967458
118.125 968102
118.203 968746
118.281 969382
118.359 970026
118.438 970662
118.516 971298
118.594 971938
118.672 972586
118.75 973222
118.828 973866
118.906 974502
118.984 975206
119.062 975778
119.141 976418
119.219 977090
119.297 977698
119.375 978342
119.453 978974
119.531 979642
119.609 980262
119.688 980898
119.766 981546
119.844 982186
119.922 982818
120 983462
120.078 984098
120.156 984742
120.234 985382
120.312 986070
120.391 986662
120.469 987298
120.547 987938
120.625 988578
120.703 989226
120.781 989858
120.859 990498
120.938 991146
121.016 991778
121.094 992422
121.172 993058
121.25 993706
121.328 994342
121.406 994978
121.484 995618
121.562 996258
121.641 996950
121.719 997546
121.797 998178
121.875 998818
121.953 999462
122.031 1.0001e+06
122.109 1.00074e+06
122.188 1.00138e+06
122.266 1.00202e+06
122.344 1.00266e+06
122.422 1.00333e+06
122.5 1.00394e+06
122.578 1.00463e+06
122.656 1.00521e+06
122.734 1.00586e+06
122.812 1.00649e+06
122.891 1.00714e+06
122.969 1.00778e+06
123.047 1.00843e+06
123.125 1.00906e+06
123.203 1.0097e+06
123.281 1.01034e+06
123.359 1.01098e+06
123.438 1.01162e+06
123.516 1.01226e+06
123.594 1.0129e+06
123.672 1.01354e+06
123.75 1.01418e+06
123.828 1.01482e+06
123.906 1.01547e+06
123.984 1.0161e+06
124.062 1.01674e+06
124.141 1.01738e+06
124.219 1.01802e+06
124.297 1.01867e+06
124.375 1.01931e+06
124.453 1.01994e+06
124.531 1.02058e+06
124.609 1.02123e+06
124.688 1.02186e+06
124.766 1.0225e+06
124.844 1.02314e+06
124.922 1.02379e+06
125 1.02443e+06
125.078 1.02509e+06
125.156 1.02571e+06
125.234 1.02634e+06
125.312 1.02698e+06
125.391 1.02763e+06
125.469 1.02826e+06
125.547 1.0289e+06
125.625 1.02954e+06
125.703 1.03018e+06
125.781 1.03082e+06
125.859 1.03146e+06
125.938 1.0321e+06
126.016 1.03274e+06
126.094 1.03338e+06
126.172 1.03402e+06
126.25 1.03466e+06
126.328 1.03533e+06
126.406 1.03594e+06
126.484 1.03658e+06
126.562 1.03722e+06
126.641 1.03787e+06
126.719 1.03851e+06
126.797 1.03914e+06
126.875 1.03978e+06
126.953 1.04043e+06
127.031 1.04106e+06
127.109 1.0417e+06
127.188 1.04234e+06
127.266 1.04298e+06
127.344 1.04363e+06
127.422 1.04427e+06
127.5 1.0449e+06
127.578 1.04555e+06
127.656 1.04619e+06
127.734 1.04682e+06
127.812 1.04751e+06
127.891 1.0481e+06
127.969 1.04876e+06
128.047 1.04938e+06
128.125 1.05004e+06
128.203 1.05066e+06
128.281 1.0513e+06
128.359 1.05194e+06
128.438 1.05258e+06
128.516 1.05322e+06
128.594 1.05386e+06
128.672 1.0545e+06
128.75 1.05514e+06
128.828 1.05578e+06
128.906 1.05642e+06
128.984 1.05706e+06
129.062 1.05775e+06
129.141 1.05834e+06
129.219 1.05899e+06
129.297 1.05962e+06
129.375 1.06026e+06
129.453 1.06091e+06
129.531 1.06154e+06
129.609 1.06221e+06
129.688 1.06282e+06
129.766 1.06346e+06
129.844 1.06415e+06
129.922 1.06474e+06
130 1.06538e+06
130.078 1.06602e+06
130.156 1.06666e+06
130.234 1.0673e+06
130.312 1.06794e+06
130.391 1.06858e+06
130.469 1.06923e+06
130.547 1.06986e+06
130.625 1.07051e+06
130.703 1.07116e+06
130.781 1.07178e+06
130.859 1.07247e+06
130.938 1.07306e+06
131.016 1.07373e+06
131.094 1.07434e+06
131.172 1.07498e+06
131.25 1.07562e+06
131.328 1.07627e+06
131.406 1.0769e+06
131.484 1.07754e+06
131.562 1.07818e+06
131.641 1.07883e+06
131.719 1.07946e+06
131.797 1.0801e+06
131.875 1.08079e+06
131.953 1.08139e+06
132.031 1.08203e+06
132.109 1.08266e+06
132.188 1.08331e+06
132.266 1.08394e+06
132.344 1.08458e+06
132.422 1.08522e+06
132.5 1.08586e+06
132.578 1.0865e+06
132.656 1.08715e+06
132.734 1.08778e+06
132.812 1.08843e+06
132.891 1.08907e+06
132.969 1.0897e+06
133.047 1.09035e+06
133.125 1.09098e+06
133.203 1.09162e+06
133.281 1.09226e+06
133.359 1.0929e+06
133.438 1.09355e+06
133.516 1.09418e+06
133.594 1.09482e+06
133.672 1.09546e+06
133.75 1.0961e+06
133.828 1.09674e+06
133.906 1.09738e+06
133.984 1.09802e+06
134.062 1.09866e+06
134.141 1.0993e+06
134.219 1.09994e+06
134.297 1.10058e+06
134.375 1.10122e+06
134.453 1.10186e+06
134.531 1.1025e+06
134.609 1.10314e+06
134.688 1.10378e+06
134.766 1.10447e+06
134.844 1.10507e+06
134.922 1.1057e+06
135 1.10634e+06
135.078 1.10698e+06
135.156 1.10763e+06
135.234 1.10826e+06
135.312 1.10891e+06
135.391 1.10955e+06
135.469 1.11018e+06
135.547 1.11082e+06
135.625 1.11146e+06
135.703 1.11211e+06
135.781 1.11275e+06
135.859 1.11338e+06
135.938 1.11403e+06
136.016 1.11467e+06
136.094 1.11531e+06
136.172 1.11595e+06
136.25 1.11663e+06
136.328 1.11723e+06
136.406 1.11786e+06
136.484 1.1185e+06
136.562 1.11914e+06
136.641 1.11978e+06
136.719 1.12042e+06
136.797 1.12106e+06
136.875 1.1217e+06
136.953 1.12234e+06
137.031 1.12298e+06
137.109 1.12362e+06
137.188 1.12426e+06
137.266 1.12491e+06
137.344 1.12554e+06
137.422 1.12623e+06
137.5 1.12682e+06
137.578 1.12751e+06
137.656 1.1281e+06
137.734 1.12874e+06
137.812 1.12943e+06
137.891 1.13003e+06
137.969 1.13066e+06
138.047 1.13135e+06
138.125 1.13194e+06
138.203 1.13258e+06
138.281 1.13323e+06
138.359 1.13387e+06
138.438 1.1345e+06
138.516 1.13514e+06
138.594 1.13578e+06
138.672 1.13642e+06
138.75 1.13706e+06
138.828 1.13771e+06
138.906 1.13834e+06
138.984 1.13898e+06
139.062 1.13962e+06
139.141 1.14026e+06
139.219 1.1409e+06
139.297 1.14154e+06
139.375 1.14218e+06
139.453 1.14282e+06
139.531 1.14347e+06
139.609 1.1441e+06
139.688 1.14474e+06
139.766 1.14541e+06
139.844 1.14602e+06
139.922 1.14666e+06
140 1.1473e+06
140.078 1.14794e+06
140.156 1.14858e+06
140.234 1.14922e+06
140.312 1.14987e+06
140.391 1.1505e+06
140.469 1.15114e+06
140.547 1.15179e+06
140.625 1.15242e+06
140.703 1.1531e+06
140.781 1.1537e+06
140.859 1.15436e+06
140.938 1.15499e+06
141.016 1.15562e+06
141.094 1.15627e+06
141.172 1.15691e+06
141.25 1.15754e+06
141.328 1.15819e+06
141.406 1.15882e+06
141.484 1.15946e+06
141.562 1.16011e+06
141.641 1.16074e+06
141.719 1.16138e+06
141.797 1.16202e+06
141.875 1.16269e+06
141.953 1.1633e+06
142.031 1.16394e+06
142.109 1.1646e+06
142.188 1.16522e+06
142.266 1.16586e+06
142.344 1.1665e+06
142.422 1.16715e+06
142.5 1.16778e+06
142.578 1.16842e+06
142.656 1.16907e+06
142.734 1.16975e+06
142.812 1.17035e+06
142.891 1.17098e+06
142.969 1.17166e+06
143.047 1.17226e+06
143.125 1.1729e+06
143.203 1.17354e+06
143.281 1.17423e+06
143.359 1.17482e+06
143.438 1.17547e+06
143.516 1.17612e+06
143.594 1.17674e+06
143.672 1.17738e+06
143.75 1.17802e+06
143.828 1.17866e+06
143.906 1.17931e+06
143.984 1.17994e+06
144.062 1.18058e+06
144.141 1.18122e+06
144.219 1.18186e+06
144.297 1.1825e+06
144.375 1.18314e+06
144.453 1.18378e+06
144.531 1.18442e+06
144.609 1.18506e+06
144.688 1.18571e+06
144.766 1.18634e+06
144.844 1.18698e+06
144.922 1.18762e+06
145 1.18827e+06
145.078 1.1889e+06
145.156 1.18955e+06
145.234 1.19018e+06
145.312 1.19082e+06
145.391 1.19147e+06
145.469 1.1921e+06
145.547 1.19274e+06
145.625 1.19338e+06
145.703 1.19402e+06
145.781 1.19466e+06
145.859 1.1953e+06
145.938 1.19594e+06
146.016 1.19662e+06
146.094 1.19722e+06
146.172 1.19786e+06
146.25 1.19851e+06
146.328 1.19914e+06
146.406 1.19979e+06
146.484 1.20047e+06
146.562 1.20106e+06
146.641 1.2017e+06
146.719 1.20235e+06
146.797 1.20298e+06
146.875 1.20365e+06
146.953 1.20426e+06
147.031 1.2049e+06
147.109 1.20554e+06
147.188 1.20619e+06
147.266 1.20682e+06
147.344 1.20746e+06
147.422 1.20811e+06
147.5 1.20879e+06
147.578 1.20938e+06
147.656 1.21002e+06
147.734 1.21067e+06
147.812 1.21131e+06
147.891 1.21194e+06
147.969 1.21258e+06
148.047 1.2133e+06
148.125 1.21385e+06
148.203 1.2145e+06
148.281 1.21514e+06
148.359 1.21578e+06
148.438 1.21642e+06
148.516 1.21706e+06
148.594 1.21775e+06
148.672 1.21834e+06
148.75 1.21899e+06
148.828 1.21962e+06
148.906 1.22026e+06
148.984 1.2209e+06
149.062 1.22154e+06
149.141 1.22218e+06
149.219 1.22285e+06
149.297 1.22346e+06
149.375 1.2241e+06
149.453 1.22474e+06
149.531 1.22538e+06
149.609 1.22602e+06
149.688 1.22667e+06
149.766 1.22735e+06
149.844 1.22794e+06
149.922 1.22858e+06
150 1.22922e+06
150.078 1.22987e+06
150.156 1.2305e+06
150.234 1.23114e+06
150.312 1.23178e+06
150.391 1.23242e+06
150.469 1.23306e+06
150.547 1.23371e+06
150.625 1.23434e+06
150.703 1.23499e+06
150.781 1.23562e+06
150.859 1.23626e+06
150.938 1.2369e+06
151.016 1.23755e+06
151.094 1.23818e+06
151.172 1.23883e+06
151.25 1.23946e+06
151.328 1.2401e+06
151.406 1.24074e+06
151.484 1.24138e+06
151.562 1.24203e+06
151.641 1.24271e+06
151.719 1.2433e+06
151.797 1.24395e+06
151.875 1.24458e+06
151.953 1.24522e+06
152.031 1.24586e+06
152.109 1.2465e+06
152.188 1.24715e+06
152.266 1.24779e+06
152.344 1.24842e+06
152.422 1.24906e+06
152.5 1.2497e+06
152.578 1.25034e+06
152.656 1.25099e+06
152.734 1.25163e+06
152.812 1.25227e+06
152.891 1.2529e+06
152.969 1.25355e+06
153.047 1.25418e+06
153.125 1.25482e+06
153.203 1.25546e+06
153.281 1.2561e+06
153.359 1.25674e+06
153.438 1.25738e+06
153.516 1.25802e+06
153.594 1.25866e+06
153.672 1.2593e+06
153.75 1.25994e+06
153.828 1.26058e+06
153.906 1.26122e+06
153.984 1.26187e+06
154.062 1.2625e+06
154.141 1.26314e+06
154.219 1.26378e+06
154.297 1.26443e+06
154.375 1.26506e+06
154.453 1.2657e+06
154.531 1.26634e+06
154.609 1.26698e+06
154.688 1.26763e+06
154.766 1.26826e+06
154.844 1.2689e+06
154.922 1.26955e+06
155 1.27018e+06
155.078 1.27082e+06
155.156 1.27146e+06
155.234 1.2721e+06
155.312 1.27274e+06
155.391 1.27338e+06
155.469 1.27402e+06
155.547 1.27466e+06
155.625 1.27533e+06
155.703 1.27594e+06
155.781 1.27658e+06
155.859 1.27722e+06
155.938 1.27786e+06
156.016 1.2785e+06
156.094 1.27914e+06
156.172 1.27978e+06
156.25 1.28042e+06
156.328 1.28106e+06
156.406 1.28173e+06
156.484 1.28234e+06
156.562 1.28298e+06
156.641 1.28362e+06
156.719 1.28429e+06
156.797 1.28495e+06
156.875 1.28554e+06
156.953 1.28618e+06
157.031 1.28687e+06
157.109 1.28746e+06
157.188 1.2881e+06
157.266 1.28874e+06
157.344 1.28938e+06
157.422 1.29002e+06
157.5 1.29067e+06
157.578 1.29135e+06
157.656 1.29194e+06
157.734 1.29259e+06
157.812 1.29322e+06
157.891 1.29386e+06
157.969 1.2945e+06
158.047 1.29515e+06
158.125 1.29578e+06
158.203 1.29643e+06
158.281 1.29707e+06
158.359 1.2977e+06
158.438 1.29834e+06
158.516 1.29901e+06
158.594 1.29962e+06
158.672 1.30026e+06
158.75 1.3009e+06
158.828 1.30155e+06
158.906 1.30221e+06
158.984 1.30282e+06
159.062 1.30346e+06
159.141 1.3041e+06
159.219 1.30474e+06
159.297 1.30538e+06
159.375 1.30606e+06
159.453 1.30666e+06
159.531 1.3073e+06
159.609 1.30799e+06
159.688 1.30858e+06
159.766 1.30922e+06
159.844 1.30986e+06
159.922 1.3105e+06
160 1.31117e+06
160.078 1.31183e+06
160.156 1.31242e+06
160.234 1.31306e+06
160.312 1.3137e+06
160.391 1.31435e+06
160.469 1.31498e+06
160.547 1.31562e+06
160.625 1.31626e+06
160.703 1.3169e+06
160.781 1.31754e+06
160.859 1.31818e+06
160.938 1.31882e+06
161.016 1.31946e+06
161.094 1.3201e+06
161.172 1.32074e+06
161.25 1.32138e+06
161.328 1.32202e+06
161.406 1.32267e+06
161.484 1.32331e+06
161.562 1.32394e+06
161.641 1.32458e+06
161.719 1.32522e+06
161.797 1.32586e+06
161.875 1.32651e+06
161.953 1.32714e+06
162.031 1.32778e+06
162.109 1.32842e+06
162.188 1.32906e+06
162.266 1.32971e+06
162.344 1.33034e+06
162.422 1.33098e+06
162.5 1.33164e+06
162.578 1.33226e+06
162.656 1.3329e+06
162.734 1.33354e+06
162.812 1.33419e+06
162.891 1.33482e+06
162.969 1.3355e+06
163.047 1.3361e+06
163.125 1.33677e+06
163.203 1.33738e+06
163.281 1.33802e+06
163.359 1.33866e+06
163.438 1.33934e+06
163.516 1.33999e+06
163.594 1.34063e+06
163.672 1.34123e+06
163.75 1.34192e+06
163.828 1.3425e+06
163.906 1.34314e+06
163.984 1.34378e+06
164.062 1.34445e+06
164.141 1.34507e+06
164.219 1.3457e+06
164.297 1.34634e+06
164.375 1.34698e+06
164.453 1.34763e+06
164.531 1.34826e+06
164.609 1.3489e+06
164.688 1.34954e+06
164.766 1.35019e+06
164.844 1.35082e+06
164.922 1.35147e+06
165 1.3521e+06
165.078 1.35276e+06
165.156 1.35338e+06
165.234 1.35402e+06
165.312 1.35466e+06
165.391 1.35531e+06
165.469 1.35594e+06
165.547 1.35658e+06
165.625 1.35722e+06
165.703 1.35786e+06
165.781 1.3585e+06
165.859 1.35915e+06
165.938 1.35978e+06
166.016 1.36042e+06
166.094 1.36106e+06
166.172 1.3617e+06
166.25 1.36234e+06
166.328 1.36299e+06
166.406 1.36363e+06
166.484 1.36426e+06
166.562 1.3649e+06
166.641 1.36554e+06
166.719 1.36618e+06
166.797 1.36686e+06
166.875 1.36746e+06
166.953 1.36812e+06
167.031 1.36874e+06
167.109 1.36938e+06
167.188 1.37002e+06
167.266 1.37066e+06
167.344 1.3713e+06
167.422 1.37194e+06
167.5 1.37258e+06
167.578 1.37322e+06
167.656 1.37386e+06
167.734 1.3745e+06
167.812 1.37514e+06
167.891 1.37578e+06
167.969 1.37647e+06
168.047 1.37709e+06
168.125 1.3777e+06
168.203 1.37839e+06
168.281 1.37898e+06
168.359 1.37962e+06
168.438 1.38026e+06
168.516 1.3809e+06
168.594 1.38154e+06
168.672 1.38218e+06
168.75 1.38282e+06
168.828 1.38346e+06
168.906 1.3841e+06
168.984 1.38474e+06
169.062 1.38538e+06
169.141 1.38605e+06
169.219 1.38666e+06
169.297 1.3873e+06
169.375 1.38794e+06
169.453 1.38858e+06
169.531 1.38922e+06
169.609 1.38987e+06
169.688 1.3905e+06
169.766 1.39114e+06
169.844 1.39178e+06
169.922 1.39242e+06
170 1.39306e+06
170.078 1.39375e+06
170.156 1.39435e+06
170.234 1.39498e+06
170.312 1.39562e+06
170.391 1.39626e+06
170.469 1.3969e+06
170.547 1.39754e+06
170.625 1.39818e+06
170.703 1.39882e+06
170.781 1.39946e+06
170.859 1.40011e+06
170.938 1.40079e+06
171.016 1.40141e+06
171.094 1.40202e+06
171.172 1.40266e+06
171.25 1.40332e+06
171.328 1.40394e+06
171.406 1.40458e+06
171.484 1.40522e+06
171.562 1.40586e+06
171.641 1.40651e+06
171.719 1.40714e+06
171.797 1.40778e+06
171.875 1.40842e+06
171.953 1.40907e+06
172.031 1.4097e+06
172.109 1.41034e+06
172.188 1.41098e+06
172.266 1.41162e+06
172.344 1.41231e+06
172.422 1.4129e+06
172.5 1.41354e+06
172.578 1.41418e+06
172.656 1.41485e+06
172.734 1.41546e+06
172.812 1.4161e+06
172.891 1.41674e+06
172.969 1.41742e+06
173.047 1.41802e+06
173.125 1.41866e+06
173.203 1.4193e+06
173.281 1.41995e+06
173.359 1.42063e+06
173.438 1.42122e+06
173.516 1.42186e+06
173.594 1.42251e+06
173.672 1.42314e+06
173.75 1.42379e+06
173.828 1.42442e+06
173.906 1.42511e+06
173.984 1.4257e+06
174.062 1.42635e+06
174.141 1.42698e+06
174.219 1.42762e+06
174.297 1.42826e+06
174.375 1.42893e+06
174.453 1.42954e+06
174.531 1.43018e+06
174.609 1.43082e+06
174.688 1.43146e+06
174.766 1.4321e+06
174.844 1.43275e+06
174.922 1.43338e+06
175 1.43402e+06
175.078 1.43466e+06
175.156 1.4353e+06
175.234 1.43594e+06
175.312 1.43658e+06
175.391 1.43722e+06
175.469 1.43786e+06
175.547 1.43855e+06
175.625 1.43914e+06
175.703 1.43978e+06
175.781 1.44042e+06
175.859 1.44106e+06
175.938 1.44171e+06
176.016 1.44234e+06
176.094 1.44298e+06
176.172 1.44363e+06
176.25 1.44426e+06
176.328 1.44491e+06
176.406 1.44554e+06
176.484 1.44618e+06
176.562 1.44683e+06
176.641 1.44747e+06
176.719 1.4481e+06
176.797 1.44875e+06
176.875 1.44939e+06
176.953 1.45002e+06
177.031 1.45066e+06
177.109 1.4513e+06
177.188 1.45194e+06
177.266 1.45263e+06
177.344 1.45322e+06
177.422 1.4539e+06
177.5 1.45452e+06
177.578 1.45516e+06
177.656 1.45578e+06
177.734 1.45641e+06
177.812 1.45706e+06
177.891 1.4577e+06
177.969 1.45834e+06
178.047 1.45898e+06
178.125 1.45962e+06
178.203 1.46026e+06
178.281 1.4609e+06
178.359 1.46154e+06
178.438 1.46218e+06
178.516 1.46282e+06
178.594 1.46347e+06
178.672 1.4641e+06
178.75 1.46474e+06
178.828 1.46538e+06
178.906 1.46602e+06
178.984 1.46666e+06
179.062 1.46731e+06
179.141 1.46795e+06
179.219 1.46863e+06
179.297 1.46923e+06
179.375 1.46986e+06
179.453 1.47055e+06
179.531 1.47114e+06
179.609 1.47178e+06
179.688 1.47242e+06
179.766 1.4731e+06
179.844 1.4737e+06
179.922 1.47437e+06
180 1.47498e+06
180.078 1.47563e+06
180.156 1.47626e+06
180.234 1.4769e+06
180.312 1.47754e+06
180.391 1.47818e+06
180.469 1.47883e+06
180.547 1.47946e+06
180.625 1.4801e+06
180.703 1.48074e+06
180.781 1.48138e+06
180.859 1.48205e+06
180.938 1.48266e+06
181.016 1.4833e+06
181.094 1.48394e+06
181.172 1.48458e+06
181.25 1.48523e+06
181.328 1.48587e+06
181.406 1.48651e+06
181.484 1.48714e+06
181.562 1.48778e+06
181.641 1.48842e+06
181.719 1.48906e+06
181.797 1.4897e+06
181.875 1.49034e+06
181.953 1.49099e+06
182.031 1.49162e+06
182.109 1.49226e+06
182.188 1.49295e+06
182.266 1.49354e+06
182.344 1.49418e+06
182.422 1.49482e+06
182.5 1.49546e+06
182.578 1.4961e+06
182.656 1.49674e+06
182.734 1.49738e+06
182.812 1.49802e+06
182.891 1.49868e+06
182.969 1.49935e+06
183.047 1.49994e+06
183.125 1.50059e+06
183.203 1.50127e+06
183.281 1.50186e+06
183.359 1.5025e+06
183.438 1.50314e+06
183.516 1.50378e+06
183.594 1.50442e+06
183.672 1.50506e+06
183.75 1.5057e+06
183.828 1.50635e+06
183.906 1.50698e+06
183.984 1.50763e+06
184.062 1.50827e+06
184.141 1.50893e+06
184.219 1.50954e+06
184.297 1.51019e+06
184.375 1.51082e+06
184.453 1.51151e+06
184.531 1.5121e+06
184.609 1.51274e+06
184.688 1.51343e+06
184.766 1.51402e+06
184.844 1.51466e+06
184.922 1.5153e+06
185 1.51594e+06
185.078 1.51659e+06
185.156 1.51723e+06
185.234 1.51786e+06
185.312 1.5185e+06
185.391 1.51914e+06
185.469 1.51978e+06
185.547 1.52046e+06
185.625 1.52107e+06
185.703 1.5217e+06
185.781 1.52234e+06
185.859 1.52301e+06
185.938 1.52368e+06
186.016 1.52429e+06
186.094 1.5249e+06
186.172 1.52554e+06
186.25 1.52619e+06
186.328 1.52682e+06
186.406 1.52746e+06
186.484 1.52811e+06
186.562 1.52874e+06
186.641 1.52938e+06
186.719 1.53003e+06
186.797 1.53066e+06
186.875 1.5313e+06
186.953 1.53194e+06
187.031 1.53258e+06
187.109 1.53327e+06
187.188 1.53386e+06
187.266 1.5345e+06
187.344 1.53515e+06
187.422 1.53578e+06
187.5 1.53642e+06
187.578 1.53706e+06
187.656 1.5377e+06
187.734 1.53835e+06
187.812 1.53898e+06
187.891 1.53962e+06
187.969 1.54027e+06
188.047 1.54096e+06
188.125 1.54155e+06
188.203 1.54218e+06
188.281 1.54282e+06
188.359 1.54346e+06
188.438 1.54411e+06
188.516 1.54475e+06
188.594 1.54538e+06
188.672 1.54602e+06
188.75 1.54666e+06
188.828 1.54733e+06
188.906 1.54794e+06
188.984 1.54858e+06
189.062 1.54922e+06
189.141 1.54986e+06
189.219 1.5505e+06
189.297 1.55115e+06
189.375 1.55178e+06
189.453 1.55245e+06
189.531 1.55307e+06
189.609 1.55371e+06
189.688 1.55434e+06
189.766 1.55498e+06
189.844 1.55562e+06
189.922 1.55632e+06
190 1.55691e+06
190.078 1.55754e+06
190.156 1.55818e+06
190.234 1.55882e+06
190.312 1.55951e+06
190.391 1.5601e+06
190.469 1.56075e+06
190.547 1.56138e+06
190.625 1.56202e+06
190.703 1.56266e+06
190.781 1.56331e+06
190.859 1.56399e+06
190.938 1.56458e+06
191.016 1.56522e+06
191.094 1.56586e+06
191.172 1.5665e+06
191.25 1.56714e+06
191.328 1.56778e+06
191.406 1.56842e+06
191.484 1.56906e+06
191.562 1.5697e+06
191.641 1.57034e+06
191.719 1.57101e+06
191.797 1.57162e+06
191.875 1.57226e+06
191.953 1.5729e+06
192.031 1.57355e+06
192.109 1.57418e+06
192.188 1.57482e+06
192.266 1.57547e+06
192.344 1.57615e+06
192.422 1.57674e+06
192.5 1.57738e+06
192.578 1.57802e+06
192.656 1.57866e+06
192.734 1.5793e+06
192.812 1.57995e+06
192.891 1.58058e+06
192.969 1.58122e+06
193.047 1.58187e+06
193.125 1.5825e+06
193.203 1.58315e+06
193.281 1.58379e+06
193.359 1.58442e+06
193.438 1.58506e+06
193.516 1.58571e+06
193.594 1.58635e+06
193.672 1.58698e+06
193.75 1.58762e+06
193.828 1.58831e+06
193.906 1.5889e+06
193.984 1.58954e+06
194.062 1.59018e+06
194.141 1.59082e+06
194.219 1.59146e+06
194.297 1.5921e+06
194.375 1.59274e+06
194.453 1.59338e+06
194.531 1.59402e+06
194.609 1.59466e+06
194.688 1.5953e+06
194.766 1.59599e+06
194.844 1.59658e+06
194.922 1.59722e+06
195 1.59786e+06
195.078 1.5985e+06
195.156 1.59914e+06
195.234 1.59978e+06
195.312 1.60042e+06
195.391 1.60107e+06
195.469 1.60177e+06
195.547 1.60234e+06
195.625 1.603e+06
195.703 1.60362e+06
195.781 1.60426e+06
195.859 1.6049e+06
195.938 1.60557e+06
196.016 1.60618e+06
196.094 1.60682e+06
196.172 1.60746e+06
196.25 1.6081e+06
196.328 1.60874e+06
196.406 1.60938e+06
196.484 1.61002e+06
196.562 1.61067e+06
196.641 1.6113e+06
196.719 1.61194e+06
196.797 1.61258e+06
196.875 1.61321e+06
196.953 1.61388e+06
197.031 1.6145e+06
197.109 1.61514e+06
197.188 1.61578e+06
197.266 1.61642e+06
197.344 1.61711e+06
197.422 1.6177e+06
197.5 1.61834e+06
197.578 1.61899e+06
197.656 1.61962e+06
197.734 1.62026e+06
197.812 1.6209e+06
197.891 1.62154e+06
197.969 1.62218e+06
198.047 1.62282e+06
198.125 1.62346e+06
198.203 1.6241e+06
198.281 1.62474e+06
198.359 1.62538e+06
198.438 1.62607e+06
198.516 1.62666e+06
198.594 1.6273e+06
198.672 1.62795e+06
198.75 1.62858e+06
198.828 1.62923e+06
198.906 1.62987e+06
198.984 1.6305e+06
199.062 1.63114e+06
199.141 1.63178e+06
199.219 1.63242e+06
199.297 1.63311e+06
199.375 1.63375e+06
199.453 1.63434e+06
199.531 1.63498e+06
199.609 1.63562e+06
199.688 1.63626e+06
199.766 1.63691e+06
199.844 1.63759e+06
199.922 1.63819e+06
200 1.63882e+06
200.078 1.63949e+06
200.156 1.64011e+06
200.234 1.64075e+06
200.312 1.64138e+06
200.391 1.64202e+06
200.469 1.64269e+06
200.547 1.64334e+06
200.625 1.64394e+06
200.703 1.64458e+06
200.781 1.64522e+06
200.859 1.64586e+06
200.938 1.6465e+06
201.016 1.64714e+06
201.094 1.64778e+06
201.172 1.64845e+06
201.25 1.6491e+06
201.328 1.64971e+06
201.406 1.65035e+06
201.484 1.65098e+06
201.562 1.65165e+06
201.641 1.65226e+06
201.719 1.6529e+06
201.797 1.65354e+06
201.875 1.65418e+06
201.953 1.65482e+06
202.031 1.65547e+06
202.109 1.6561e+06
202.188 1.65674e+06
202.266 1.65738e+06
202.344 1.65802e+06
202.422 1.65867e+06
202.5 1.65931e+06
202.578 1.65994e+06
202.656 1.66061e+06
202.734 1.66122e+06
202.812 1.66186e+06
202.891 1.6625e+06
202.969 1.66314e+06
203.047 1.66378e+06
203.125 1.66442e+06
203.203 1.66506e+06
203.281 1.6657e+06
203.359 1.66637e+06
203.438 1.66701e+06
203.516 1.66762e+06
203.594 1.66826e+06
203.672 1.6689e+06
203.75 1.66954e+06
203.828 1.67018e+06
203.906 1.67082e+06
203.984 1.67147e+06
204.062 1.6721e+06
204.141 1.67274e+06
204.219 1.67338e+06
204.297 1.67407e+06
204.375 1.67466e+06
204.453 1.6753e+06
204.531 1.67595e+06
204.609 1.67658e+06
204.688 1.67727e+06
204.766 1.67786e+06
204.844 1.67852e+06
204.922 1.67914e+06
205 1.67978e+06
205.078 1.68043e+06
205.156 1.68107e+06
205.234 1.68173e+06
205.312 1.68234e+06
205.391 1.68298e+06
205.469 1.68363e+06
205.547 1.68427e+06
205.625 1.6849e+06
205.703 1.68555e+06
205.781 1.68618e+06
205.859 1.68682e+06
205.938 1.68746e+06
206.016 1.6881e+06
206.094 1.68875e+06
206.172 1.68939e+06
206.25 1.69002e+06
206.328 1.69067e+06
206.406 1.69131e+06
206.484 1.69195e+06
206.562 1.69259e+06
206.641 1.69322e+06
206.719 1.69386e+06
206.797 1.69454e+06
206.875 1.69514e+06
206.953 1.69583e+06
207.031 1.69643e+06
207.109 1.69706e+06
207.188 1.6977e+06
207.266 1.69834e+06
207.344 1.69898e+06
207.422 1.69962e+06
207.5 1.70026e+06
207.578 1.7009e+06
207.656 1.70155e+06
207.734 1.70225e+06
207.812 1.70284e+06
207.891 1.70346e+06
207.969 1.7041e+06
208.047 1.70474e+06
208.125 1.70539e+06
208.203 1.70602e+06
208.281 1.70671e+06
208.359 1.70736e+06
208.438 1.70794e+06
208.516 1.70859e+06
208.594 1.70923e+06
208.672 1.70986e+06
208.75 1.71051e+06
208.828 1.71119e+06
208.906 1.71178e+06
208.984 1.71242e+06
209.062 1.71306e+06
209.141 1.7137e+06
209.219 1.71434e+06
209.297 1.71498e+06
209.375 1.71569e+06
209.453 1.71626e+06
209.531 1.7169e+06
209.609 1.71754e+06
209.688 1.71819e+06
209.766 1.71882e+06
209.844 1.71946e+06
209.922 1.7201e+06
210 1.72074e+06
210.078 1.72139e+06
210.156 1.72202e+06
210.234 1.72266e+06
210.312 1.72332e+06
210.391 1.72395e+06
210.469 1.72458e+06
210.547 1.72522e+06
210.625 1.72594e+06
210.703 1.7265e+06
210.781 1.72715e+06
210.859 1.72778e+06
210.938 1.72843e+06
211.016 1.72906e+06
211.094 1.72971e+06
211.172 1.73034e+06
211.25 1.73098e+06
211.328 1.73162e+06
211.406 1.73227e+06
211.484 1.7329e+06
211.562 1.73354e+06
211.641 1.73418e+06
211.719 1.73487e+06
211.797 1.73546e+06
211.875 1.7361e+06
211.953 1.73674e+06
212.031 1.73739e+06
212.109 1.73803e+06
212.188 1.73866e+06
212.266 1.7393e+06
212.344 1.73994e+06
212.422 1.74059e+06
212.5 1.74122e+06
212.578 1.74186e+06
212.656 1.74251e+06
212.734 1.74314e+06
212.812 1.74379e+06
212.891 1.74443e+06
212.969 1.74511e+06
213.047 1.74571e+06
213.125 1.74633e+06
213.203 1.74699e+06
213.281 1.74766e+06
213.359 1.74826e+06
213.438 1.7489e+06
213.516 1.74955e+06
213.594 1.7502e+06
213.672 1.75082e+06
213.75 1.75147e+06
213.828 1.7521e+06
213.906 1.75279e+06
213.984 1.75338e+06
214.062 1.75402e+06
214.141 1.75467e+06
214.219 1.75535e+06
214.297 1.75594e+06
214.375 1.75659e+06
214.453 1.75722e+06
214.531 1.75786e+06
214.609 1.7585e+06
214.688 1.75914e+06
214.766 1.75978e+06
214.844 1.76043e+06
214.922 1.76106e+06
215 1.7617e+06
215.078 1.76239e+06
215.156 1.76298e+06
215.234 1.76363e+06
215.312 1.76426e+06
215.391 1.7649e+06
215.469 1.76554e+06
215.547 1.76623e+06
215.625 1.76682e+06
215.703 1.76746e+06
215.781 1.76811e+06
215.859 1.76875e+06
215.938 1.76938e+06
216.016 1.77002e+06
216.094 1.77066e+06
216.172 1.77135e+06
216.25 1.77198e+06
216.328 1.77264e+06
216.406 1.77322e+06
216.484 1.77386e+06
216.562 1.7745e+06
216.641 1.77514e+06
216.719 1.77583e+06
216.797 1.77642e+06
216.875 1.77706e+06
216.953 1.7777e+06
217.031 1.77834e+06
217.109 1.77898e+06
217.188 1.77962e+06
217.266 1.78026e+06
217.344 1.7809e+06
217.422 1.78157e+06
217.5 1.78218e+06
217.578 1.78282e+06
217.656 1.78347e+06
217.734 1.7841e+06
217.812 1.78474e+06
217.891 1.78538e+06
217.969 1.78602e+06
218.047 1.78666e+06
218.125 1.7873e+06
218.203 1.78795e+06
218.281 1.78858e+06
218.359 1.78923e+06
218.438 1.78986e+06
218.516 1.7905e+06
218.594 1.79114e+06
218.672 1.79178e+06
218.75 1.79242e+06
218.828 1.79306e+06
218.906 1.7937e+06
218.984 1.79435e+06
219.062 1.79499e+06
219.141 1.79562e+06
219.219 1.79627e+06
219.297 1.79691e+06
219.375 1.79754e+06
219.453 1.79819e+06
219.531 1.79882e+06
219.609 1.79946e+06
219.688 1.8001e+06
219.766 1.80074e+06
219.844 1.80137e+06
219.922 1.80203e+06
220 1.80266e+06
220.078 1.8033e+06
220.156 1.80395e+06
220.234 1.80458e+06
220.312 1.80522e+06
220.391 1.80591e+06
220.469 1.8065e+06
220.547 1.80714e+06
220.625 1.80778e+06
220.703 1.80842e+06
220.781 1.80906e+06
220.859 1.8097e+06
220.938 1.81034e+06
221.016 1.81098e+06
221.094 1.81162e+06
221.172 1.81226e+06
221.25 1.8129e+06
221.328 1.81354e+06
221.406 1.81419e+06
221.484 1.81482e+06
221.562 1.81546e+06
221.641 1.81611e+06
221.719 1.81673e+06
221.797 1.81738e+06
221.875 1.81802e+06
221.953 1.81869e+06
222.031 1.81934e+06
222.109 1.81994e+06
222.188 1.82058e+06
222.266 1.82124e+06
222.344 1.82186e+06
222.422 1.8225e+06
222.5 1.82314e+06
222.578 1.82379e+06
222.656 1.82443e+06
222.734 1.82506e+06
222.812 1.8257e+06
222.891 1.82634e+06
222.969 1.82699e+06
223.047 1.82762e+06
223.125 1.82826e+06
223.203 1.8289e+06
223.281 1.82955e+06
223.359 1.83019e+06
223.438 1.83082e+06
223.516 1.83146e+06
223.594 1.8321e+06
223.672 1.83274e+06
223.75 1.83338e+06
223.828 1.83402e+06
223.906 1.83466e+06
223.984 1.8353e+06
224.062 1.83599e+06
224.141 1.83659e+06
224.219 1.83722e+06
224.297 1.83786e+06
224.375 1.83851e+06
224.453 1.83914e+06
224.531 1.83978e+06
224.609 1.84042e+06
224.688 1.84106e+06
224.766 1.84171e+06
224.844 1.84235e+06
224.922 1.84298e+06
225 1.84362e+06
225.078 1.84426e+06
225.156 1.8449e+06
225.234 1.84559e+06
225.312 1.84618e+06
225.391 1.84685e+06
225.469 1.84746e+06
225.547 1.8481e+06
225.625 1.84874e+06
225.703 1.84938e+06
225.781 1.85002e+06
225.859 1.8507e+06
225.938 1.8513e+06
226.016 1.85195e+06
226.094 1.85259e+06
226.172 1.85322e+06
226.25 1.85385e+06
226.328 1.8545e+06
226.406 1.85514e+06
226.484 1.85578e+06
226.562 1.85642e+06
226.641 1.85706e+06
226.719 1.8577e+06
226.797 1.85835e+06
226.875 1.85899e+06
226.953 1.85966e+06
227.031 1.86026e+06
227.109 1.8609e+06
227.188 1.86154e+06
227.266 1.86218e+06
227.344 1.86283e+06
227.422 1.86346e+06
227.5 1.86411e+06
227.578 1.86474e+06
227.656 1.86539e+06
227.734 1.86603e+06
227.812 1.86666e+06
227.891 1.86733e+06
227.969 1.86794e+06
228.047 1.86859e+06
228.125 1.86922e+06
228.203 1.86987e+06
228.281 1.87055e+06
228.359 1.87117e+06
228.438 1.87178e+06
228.516 1.87242e+06
228.594 1.87306e+06
228.672 1.8737e+06
228.75 1.87434e+06
228.828 1.87498e+06
228.906 1.87563e+06
228.984 1.87626e+06
229.062 1.8769e+06
229.141 1.87754e+06
229.219 1.87818e+06
229.297 1.87883e+06
229.375 1.87946e+06
229.453 1.88011e+06
229.531 1.88075e+06
229.609 1.88138e+06
229.688 1.88202e+06
229.766 1.88266e+06
229.844 1.88329e+06
229.922 1.88394e+06
230 1.88458e+06
230.078 1.88522e+06
230.156 1.88587e+06
230.234 1.88651e+06
230.312 1.88714e+06
230.391 1.88783e+06
230.469 1.88842e+06
230.547 1.88906e+06
230.625 1.8897e+06
230.703 1.89034e+06
230.781 1.89098e+06
230.859 1.89162e+06
230.938 1.89231e+06
231.016 1.89295e+06
231.094 1.89354e+06
231.172 1.89418e+06
231.25 1.89482e+06
231.328 1.89546e+06
231.406 1.89611e+06
231.484 1.89674e+06
231.562 1.89738e+06
231.641 1.89805e+06
231.719 1.89866e+06
231.797 1.8993e+06
231.875 1.89994e+06
231.953 1.90059e+06
232.031 1.90122e+06
232.109 1.90186e+06
232.188 1.9025e+06
232.266 1.90319e+06
232.344 1.90378e+06
232.422 1.90442e+06
232.5 1.90506e+06
232.578 1.90571e+06
232.656 1.90634e+06
232.734 1.90698e+06
232.812 1.90762e+06
232.891 1.90826e+06
232.969 1.9089e+06
233.047 1.90954e+06
233.125 1.91018e+06
233.203 1.91083e+06
233.281 1.91146e+06
233.359 1.9121e+06
233.438 1.91275e+06
233.516 1.91339e+06
233.594 1.91402e+06
233.672 1.91466e+06
233.75 1.9153e+06
233.828 1.91595e+06
233.906 1.91658e+06
233.984 1.91727e+06
234.062 1.91786e+06
234.141 1.9185e+06
234.219 1.91914e+06
234.297 1.91978e+06
234.375 1.92043e+06
234.453 1.92106e+06
234.531 1.92171e+06
234.609 1.92237e+06
234.688 1.92298e+06
234.766 1.92362e+06
234.844 1.9243e+06
234.922 1.9249e+06
235 1.92554e+06
235.078 1.92619e+06
235.156 1.92682e+06
235.234 1.92746e+06
235.312 1.92811e+06
235.391 1.92874e+06
235.469 1.92938e+06
235.547 1.93002e+06
235.625 1.93067e+06
235.703 1.9313e+06
235.781 1.93195e+06
235.859 1.93258e+06
235.938 1.93322e+06
236.016 1.93387e+06
236.094 1.9345e+06
236.172 1.93514e+06
236.25 1.93578e+06
236.328 1.93642e+06
236.406 1.93706e+06
236.484 1.9377e+06
236.562 1.93836e+06
236.641 1.93898e+06
236.719 1.93963e+06
236.797 1.94026e+06
236.875 1.94095e+06
236.953 1.94154e+06
237.031 1.94219e+06
237.109 1.94282e+06
237.188 1.94347e+06
237.266 1.9441e+06
237.344 1.94476e+06
237.422 1.94541e+06
237.5 1.94602e+06
237.578 1.94667e+06
237.656 1.9473e+06
237.734 1.94795e+06
237.812 1.94858e+06
237.891 1.94922e+06
237.969 1.94986e+06
238.047 1.95051e+06
238.125 1.95115e+06
238.203 1.95178e+06
238.281 1.95247e+06
238.359 1.95306e+06
238.438 1.95371e+06
238.516 1.95434e+06
238.594 1.95498e+06
238.672 1.95563e+06
238.75 1.95627e+06
238.828 1.9569e+06
238.906 1.95754e+06
238.984 1.95819e+06
239.062 1.95884e+06
239.141 1.95946e+06
239.219 1.9601e+06
239.297 1.96075e+06
239.375 1.96143e+06
239.453 1.96205e+06
239.531 1.96265e+06
239.609 1.9633e+06
239.688 1.96395e+06
239.766 1.96463e+06
239.844 1.96522e+06
239.922 1.96586e+06
240 1.96651e+06
240.078 1.96718e+06
240.156 1.96778e+06
240.234 1.96842e+06
240.312 1.96906e+06
240.391 1.96973e+06
240.469 1.97034e+06
240.547 1.97098e+06
240.625 1.97163e+06
240.703 1.97234e+06
240.781 1.9729e+06
240.859 1.97354e+06
240.938 1.97418e+06
241.016 1.97482e+06
241.094 1.97546e+06
241.172 1.97613e+06
241.25 1.97677e+06
241.328 1.97738e+06
241.406 1.97802e+06
241.484 1.97868e+06
241.562 1.9793e+06
241.641 1.97994e+06
241.719 1.98058e+06
241.797 1.98123e+06
241.875 1.98186e+06
241.953 1.9825e+06
242.031 1.98314e+06
242.109 1.98378e+06
242.188 1.98442e+06
242.266 1.98506e+06
242.344 1.9857e+06
242.422 1.98635e+06
242.5 1.98698e+06
242.578 1.98763e+06
242.656 1.98826e+06
242.734 1.9889e+06
242.812 1.98954e+06
242.891 1.99018e+06
242.969 1.99082e+06
243.047 1.99146e+06
243.125 1.9921e+06
243.203 1.99274e+06
243.281 1.99343e+06
243.359 1.99402e+06
243.438 1.99466e+06
243.516 1.99531e+06
243.594 1.99594e+06
243.672 1.99658e+06
243.75 1.99722e+06
243.828 1.99787e+06
243.906 1.9985e+06
243.984 1.99915e+06
244.062 1.99979e+06
244.141 2.00042e+06
244.219 2.00106e+06
244.297 2.0017e+06
244.375 2.00239e+06
244.453 2.00298e+06
244.531 2.00362e+06
244.609 2.00427e+06
244.688 2.0049e+06
244.766 2.00554e+06
244.844 2.00618e+06
244.922 2.00682e+06
245 2.00749e+06
245.078 2.0081e+06
245.156 2.00875e+06
245.234 2.00938e+06
245.312 2.01002e+06
245.391 2.01066e+06
245.469 2.0113e+06
245.547 2.01193e+06
245.625 2.01259e+06
245.703 2.01322e+06
245.781 2.01386e+06
245.859 2.0145e+06
245.938 2.01514e+06
246.016 2.01578e+06
246.094 2.01643e+06
246.172 2.01706e+06
246.25 2.0177e+06
246.328 2.01834e+06
246.406 2.01898e+06
246.484 2.01962e+06
246.562 2.02026e+06
246.641 2.0209e+06
246.719 2.02154e+06
246.797 2.02219e+06
246.875 2.02283e+06
246.953 2.02346e+06
247.031 2.02415e+06
247.109 2.02474e+06
247.188 2.02538e+06
247.266 2.02602e+06
247.344 2.02668e+06
247.422 2.02731e+06
247.5 2.02794e+06
247.578 2.02859e+06
247.656 2.02922e+06
247.734 2.02986e+06
247.812 2.0305e+06
247.891 2.03117e+06
247.969 2.03178e+06
248.047 2.03242e+06
248.125 2.03306e+06
248.203 2.0337e+06
248.281 2.03434e+06
248.359 2.03498e+06
248.438 2.03562e+06
248.516 2.03626e+06
248.594 2.0369e+06
248.672 2.03754e+06
248.75 2.03818e+06
248.828 2.03882e+06
248.906 2.03946e+06
248.984 2.04011e+06
249.062 2.04074e+06
249.141 2.04139e+06
249.219 2.04204e+06
249.297 2.04266e+06
249.375 2.0433e+06
249.453 2.04394e+06
249.531 2.04458e+06
249.609 2.04522e+06
249.688 2.04586e+06
249.766 2.04655e+06
249.844 2.04714e+06
249.922 2.04779e+06
250 2.04842e+06
250.078 2.04907e+06
250.156 2.04971e+06
250.234 2.05039e+06
250.312 2.05098e+06
250.391 2.05162e+06
250.469 2.05227e+06
250.547 2.0529e+06
250.625 2.05354e+06
250.703 2.05418e+06
250.781 2.05482e+06
250.859 2.05546e+06
250.938 2.0561e+06
251.016 2.05674e+06
251.094 2.05738e+06
251.172 2.05803e+06
251.25 2.05866e+06
251.328 2.05931e+06
251.406 2.05994e+06
251.484 2.06058e+06
251.562 2.06123e+06
251.641 2.0619e+06
251.719 2.0625e+06
251.797 2.06315e+06
251.875 2.06378e+06
251.953 2.06447e+06
252.031 2.06506e+06
252.109 2.06572e+06
252.188 2.06634e+06
252.266 2.06698e+06
252.344 2.06763e+06
252.422 2.06826e+06
252.5 2.0689e+06
252.578 2.06954e+06
252.656 2.07022e+06
252.734 2.07083e+06
252.812 2.07146e+06
252.891 2.0721e+06
252.969 2.07274e+06
253.047 2.07338e+06
253.125 2.07407e+06
253.203 2.07466e+06
253.281 2.0753e+06
253.359 2.07599e+06
253.438 2.07659e+06
253.516 2.07722e+06
253.594 2.07787e+06
253.672 2.0785e+06
253.75 2.07914e+06
253.828 2.07978e+06
253.906 2.08043e+06
253.984 2.08106e+06
254.062 2.0817e+06
254.141 2.08234e+06
254.219 2.08298e+06
254.297 2.08362e+06
254.375 2.08426e+06
254.453 2.0849e+06
254.531 2.08555e+06
254.609 2.08618e+06
254.688 2.08682e+06
254.766 2.08747e+06
254.844 2.0881e+06
254.922 2.08874e+06
255 2.08938e+06
255.078 2.09002e+06
255.156 2.09066e+06
255.234 2.0913e+06
255.312 2.09195e+06
255.391 2.09259e+06
255.469 2.09322e+06
255.547 2.09386e+06
255.625 2.0945e+06
255.703 2.09514e+06
255.781 2.09578e+06
255.859 2.09642e+06
255.938 2.09706e+06
256.016 2.09773e+06
256.094 2.09834e+06
256.172 2.09898e+06
256.25 2.09962e+06
256.328 2.10026e+06
256.406 2.1009e+06
256.484 2.10155e+06
256.562 2.10218e+06
256.641 2.10282e+06
256.719 2.10346e+06
256.797 2.10413e+06
256.875 2.10474e+06
256.953 2.10538e+06
257.031 2.10602e+06
257.109 2.10666e+06
257.188 2.1073e+06
257.266 2.10794e+06
257.344 2.10859e+06
257.422 2.10922e+06
257.5 2.10986e+06
257.578 2.1105e+06
257.656 2.11114e+06
257.734 2.11178e+06
257.812 2.11243e+06
257.891 2.11306e+06
257.969 2.1137e+06
258.047 2.11439e+06
258.125 2.11498e+06
258.203 2.11562e+06
258.281 2.11626e+06
258.359 2.1169e+06
258.438 2.11754e+06
258.516 2.11818e+06
258.594 2.11884e+06
258.672 2.11947e+06
258.75 2.1201e+06
258.828 2.12074e+06
258.906 2.12138e+06
258.984 2.12204e+06
259.062 2.12266e+06
259.141 2.12331e+06
259.219 2.12394e+06
259.297 2.12459e+06
259.375 2.12522e+06
259.453 2.12586e+06
259.531 2.1265e+06
259.609 2.12714e+06
259.688 2.12778e+06
259.766 2.12842e+06
259.844 2.12906e+06
259.922 2.1297e+06
260 2.13034e+06
260.078 2.13098e+06
260.156 2.13164e+06
260.234 2.13226e+06
260.312 2.13291e+06
260.391 2.13353e+06
260.469 2.13418e+06
260.547 2.13487e+06
260.625 2.13554e+06
260.703 2.13612e+06
260.781 2.13674e+06
260.859 2.13738e+06
260.938 2.13802e+06
261.016 2.13866e+06
261.094 2.1393e+06
261.172 2.13994e+06
261.25 2.14058e+06
261.328 2.14122e+06
261.406 2.14186e+06
261.484 2.1425e+06
261.562 2.14314e+06
261.641 2.14383e+06
261.719 2.14442e+06
261.797 2.14508e+06
261.875 2.1457e+06
261.953 2.14638e+06
262.031 2.14699e+06
262.109 2.14762e+06
262.188 2.14826e+06
262.266 2.14893e+06
262.344 2.14955e+06
262.422 2.15018e+06
262.5 2.15083e+06
262.578 2.15151e+06
262.656 2.15211e+06
262.734 2.15274e+06
262.812 2.15338e+06
262.891 2.15402e+06
262.969 2.15466e+06
263.047 2.15532e+06
263.125 2.15594e+06
263.203 2.15658e+06
263.281 2.15722e+06
263.359 2.15786e+06
263.438 2.15855e+06
263.516 2.15915e+06
263.594 2.15979e+06
263.672 2.16042e+06
263.75 2.16106e+06
263.828 2.1617e+06
263.906 2.16234e+06
263.984 2.16298e+06
264.062 2.16362e+06
264.141 2.16426e+06
264.219 2.1649e+06
264.297 2.16555e+06
264.375 2.16619e+06
264.453 2.16683e+06
264.531 2.16746e+06
264.609 2.1681e+06
264.688 2.16875e+06
264.766 2.16938e+06
264.844 2.17002e+06
264.922 2.17067e+06
265 2.17136e+06
265.078 2.17194e+06
265.156 2.17261e+06
265.234 2.17322e+06
265.312 2.17387e+06
265.391 2.1745e+06
265.469 2.17521e+06
265.547 2.17582e+06
265.625 2.17647e+06
265.703 2.17708e+06
265.781 2.1777e+06
265.859 2.17834e+06
265.938 2.17898e+06
266.016 2.17962e+06
266.094 2.18026e+06
266.172 2.1809e+06
266.25 2.18154e+06
266.328 2.18218e+06
266.406 2.18282e+06
266.484 2.18353e+06
266.562 2.1841e+06
266.641 2.18474e+06
266.719 2.18539e+06
266.797 2.18602e+06
266.875 2.18671e+06
266.953 2.1873e+06
267.031 2.18794e+06
267.109 2.18858e+06
267.188 2.18922e+06
267.266 2.18991e+06
267.344 2.1905e+06
267.422 2.19114e+06
267.5 2.19178e+06
267.578 2.19245e+06
267.656 2.19306e+06
267.734 2.19373e+06
267.812 2.19435e+06
267.891 2.19498e+06
267.969 2.19562e+06
268.047 2.19626e+06
268.125 2.1969e+06
268.203 2.19754e+06
268.281 2.19819e+06
268.359 2.19883e+06
268.438 2.19946e+06
268.516 2.20015e+06
268.594 2.20075e+06
268.672 2.20139e+06
268.75 2.20202e+06
268.828 2.20266e+06
268.906 2.2033e+06
268.984 2.20395e+06
269.062 2.20458e+06
269.141 2.20522e+06
269.219 2.20586e+06
269.297 2.2065e+06
269.375 2.20714e+06
269.453 2.20779e+06
269.531 2.20843e+06
269.609 2.20911e+06
269.688 2.2097e+06
269.766 2.21034e+06
269.844 2.21098e+06
269.922 2.21162e+06
270 2.21226e+06
270.078 2.2129e+06
270.156 2.21354e+06
270.234 2.21418e+06
270.312 2.21485e+06
270.391 2.21546e+06
270.469 2.2161e+06
270.547 2.21674e+06
270.625 2.21738e+06
270.703 2.21803e+06
270.781 2.21866e+06
270.859 2.21934e+06
270.938 2.21995e+06
271.016 2.22058e+06
271.094 2.22123e+06
271.172 2.22187e+06
271.25 2.22251e+06
271.328 2.22315e+06
271.406 2.22379e+06
271.484 2.22442e+06
271.562 2.22506e+06
271.641 2.22571e+06
271.719 2.22638e+06
271.797 2.22698e+06
271.875 2.22762e+06
271.953 2.22826e+06
272.031 2.2289e+06
272.109 2.22954e+06
272.188 2.23018e+06
272.266 2.23082e+06
272.344 2.23151e+06
272.422 2.23215e+06
272.5 2.23274e+06
272.578 2.23338e+06
272.656 2.23402e+06
272.734 2.23466e+06
272.812 2.2353e+06
272.891 2.23594e+06
272.969 2.23658e+06
273.047 2.23722e+06
273.125 2.23787e+06
273.203 2.23855e+06
273.281 2.23915e+06
273.359 2.23978e+06
273.438 2.24042e+06
273.516 2.24106e+06
273.594 2.2417e+06
273.672 2.24235e+06
273.75 2.24298e+06
273.828 2.24362e+06
273.906 2.24429e+06
273.984 2.24491e+06
274.062 2.24554e+06
274.141 2.24619e+06
274.219 2.24682e+06
274.297 2.24747e+06
274.375 2.2481e+06
274.453 2.24874e+06
274.531 2.24938e+06
274.609 2.25002e+06
274.688 2.25066e+06
274.766 2.2513e+06
274.844 2.25194e+06
274.922 2.25259e+06
275 2.25322e+06
275.078 2.25386e+06
275.156 2.2545e+06
275.234 2.25515e+06
275.312 2.25578e+06
275.391 2.25643e+06
275.469 2.25706e+06
275.547 2.25771e+06
275.625 2.25834e+06
275.703 2.25899e+06
275.781 2.25962e+06
275.859 2.26026e+06
275.938 2.2609e+06
276.016 2.26154e+06
276.094 2.26218e+06
276.172 2.26282e+06
276.25 2.26346e+06
276.328 2.26411e+06
276.406 2.26474e+06
276.484 2.26538e+06
276.562 2.26603e+06
276.641 2.26666e+06
276.719 2.2673e+06
276.797 2.26794e+06
276.875 2.26859e+06
276.953 2.26922e+06
277.031 2.26986e+06
277.109 2.2705e+06
277.188 2.27114e+06
277.266 2.27178e+06
277.344 2.27247e+06
277.422 2.27311e+06
277.5 2.2737e+06
277.578 2.27434e+06
277.656 2.27498e+06
277.734 2.27562e+06
277.812 2.27628e+06
277.891 2.27693e+06
277.969 2.27754e+06
278.047 2.27818e+06
278.125 2.27882e+06
278.203 2.27949e+06
278.281 2.28014e+06
278.359 2.28074e+06
278.438 2.28138e+06
278.516 2.28202e+06
278.594 2.28267e+06
278.672 2.2833e+06
278.75 2.28395e+06
278.828 2.28459e+06
278.906 2.28523e+06
278.984 2.28586e+06
279.062 2.28651e+06
279.141 2.28714e+06
279.219 2.28778e+06
279.297 2.28842e+06
279.375 2.28906e+06
279.453 2.28975e+06
279.531 2.29034e+06
279.609 2.29098e+06
279.688 2.29162e+06
279.766 2.29226e+06
279.844 2.29291e+06
279.922 2.29354e+06
280 2.29418e+06
280.078 2.29482e+06
280.156 2.29546e+06
280.234 2.2961e+06
280.312 2.29674e+06
280.391 2.29739e+06
280.469 2.29803e+06
280.547 2.29866e+06
280.625 2.2993e+06
280.703 2.29994e+06
280.781 2.30058e+06
280.859 2.30122e+06
280.938 2.30189e+06
281.016 2.30255e+06
281.094 2.30318e+06
281.172 2.30378e+06
281.25 2.30442e+06
281.328 2.30506e+06
281.406 2.3057e+06
281.484 2.30635e+06
281.562 2.30698e+06
281.641 2.30763e+06
281.719 2.30826e+06
281.797 2.30895e+06
281.875 2.30954e+06
281.953 2.31018e+06
282.031 2.31082e+06
282.109 2.31147e+06
282.188 2.3121e+06
282.266 2.31275e+06
282.344 2.31338e+06
282.422 2.31402e+06
282.5 2.31466e+06
282.578 2.3153e+06
282.656 2.31597e+06
282.734 2.31659e+06
282.812 2.31722e+06
282.891 2.31786e+06
282.969 2.31851e+06
283.047 2.31914e+06
283.125 2.31978e+06
283.203 2.32042e+06
283.281 2.32107e+06
283.359 2.32174e+06
283.438 2.32239e+06
283.516 2.32302e+06
283.594 2.32362e+06
283.672 2.32426e+06
283.75 2.32492e+06
283.828 2.32556e+06
283.906 2.32618e+06
283.984 2.32682e+06
284.062 2.32746e+06
284.141 2.32815e+06
284.219 2.32874e+06
284.297 2.32938e+06
284.375 2.33003e+06
284.453 2.33066e+06
284.531 2.33133e+06
284.609 2.33194e+06
284.688 2.33259e+06
284.766 2.33322e+06
284.844 2.3339e+06
284.922 2.3345e+06
285 2.33515e+06
285.078 2.33578e+06
285.156 2.33642e+06
285.234 2.33706e+06
285.312 2.3377e+06
285.391 2.33834e+06
285.469 2.33899e+06
285.547 2.33962e+06
285.625 2.34026e+06
285.703 2.3409e+06
285.781 2.34154e+06
285.859 2.34218e+06
285.938 2.34282e+06
286.016 2.34347e+06
286.094 2.3441e+06
286.172 2.34474e+06
286.25 2.34538e+06
286.328 2.34602e+06
286.406 2.34666e+06
286.484 2.3473e+06
286.562 2.34794e+06
